0, 0.087763
1, 0.173368
2, 0.259530
3, 0.354178
4, 0.448474
5, 0.534997
6, 0.620055
7, 0.706635
8, 0.769401
9, 0.831079
10, 0.892706
11, 0.955597
12, 1.017769
13, 1.078119
14, 1.135872
15, 1.195329
16, 1.256648
17, 1.315056
18, 1.375792
19, 1.436548
20, 1.501890
21, 1.565127
22, 1.626801
23, 1.686092
24, 1.748588
25, 1.809403
26, 1.870791
27, 1.934457
28, 1.995906
29, 2.055853
30, 2.118107
31, 2.178700
32, 2.236556
33, 2.297510
34, 2.357065
35, 2.415253
36, 2.475239
37, 2.538095
38, 2.597648
39, 2.661154
40, 2.725969
41, 2.790838
42, 2.852095
43, 2.916172
44, 2.979299
45, 3.039184
46, 3.099345
47, 3.161211
48, 3.222381
49, 3.284350
50, 3.347427
51, 3.408042
52, 3.467973
53, 3.528703
54, 3.591449
55, 3.653007
56, 3.715034
57, 3.773925
58, 3.837761
59, 3.903860
60, 3.976355
61, 4.040176
62, 4.104151
63, 4.172945
64, 4.235614
65, 4.298469
66, 4.374759
67, 4.438676
68, 4.501261
69, 4.562525
70, 4.623893
71, 4.686972
72, 4.750605
73, 4.812863
74, 4.872906
75, 4.935410
76, 4.995950
77, 5.057996
78, 5.123584
79, 5.188930
80, 5.248130
81, 5.307508
82, 5.367737
83, 5.426913
84, 5.488072
85, 5.547605
86, 5.607486
87, 5.670664
88, 5.730418
89, 5.791862
90, 5.854808
91, 5.915307
92, 5.980555
93, 6.041012
94, 6.108013
95, 6.173298
96, 6.239100
97, 6.302337
98, 6.366029
99, 6.431101
100, 6.494281
101, 6.558927
102, 6.619399
103, 6.679962
104, 6.738739
105, 6.800516
106, 6.861911
107, 6.926844
108, 6.987513
109, 7.052084
110, 7.115797
111, 7.175367
112, 7.235626
113, 7.298680
114, 7.362249
115, 7.425312
116, 7.490071
117, 7.551621
118, 7.616319
119, 7.676751
120, 7.736915
121, 7.796708
122, 7.859882
123, 7.924671
124, 7.987504
125, 8.048532
126, 8.110960
127, 8.171289
128, 8.232645
129, 8.294001
130, 8.355958
131, 8.418823
132, 8.478149
133, 8.542095
134, 8.606813
135, 8.672724
136, 8.738310
137, 8.799293
138, 8.861287
139, 8.922475
140, 8.987440
141, 9.052071
142, 9.112468
143, 9.173339
144, 9.236284
145, 9.299779
146, 9.362242
147, 9.423621
148, 9.486725
149, 9.547696
150, 9.610221
151, 9.671746
152, 9.733568
153, 9.796261
154, 9.881095
155, 9.949797
156, 10.010626
157, 10.071146
158, 10.133539
159, 10.193774
160, 10.255936
161, 10.316219
162, 10.380089
163, 10.441864
164, 10.504941
165, 10.564104
166, 10.624320
167, 10.685856
168, 10.749801
169, 10.810255
170, 10.874612
171, 10.938281
172, 11.000922
173, 11.068253
174, 11.134233
175, 11.193590
176, 11.255524
177, 11.316280
178, 11.376317
179, 11.437310
180, 11.498983
181, 11.561111
182, 11.621956
183, 11.683106
184, 11.746697
185, 11.805932
186, 11.866777
187, 11.930634
188, 11.994771
189, 12.056474
190, 12.117198
191, 12.180693
192, 12.243067
193, 12.306695
194, 12.368913
195, 12.428559
196, 12.492036
197, 12.551834
198, 12.615228
199, 12.677944
200, 12.739872
201, 12.801624
202, 12.863665
203, 12.927290
204, 12.990028
205, 13.049837
206, 13.113372
207, 13.173688
208, 13.235380
209, 13.298425
210, 13.360275
211, 13.422399
212, 13.488424
213, 13.549818
214, 13.612038
215, 13.671621
216, 13.730922
217, 13.792688
218, 13.857121
219, 13.920520
220, 13.985769
221, 14.049133
222, 14.110015
223, 14.169979
224, 14.230821
225, 14.290281
226, 14.349730
227, 14.411096
228, 14.473941
229, 14.536471
230, 14.600617
231, 14.665382
232, 14.727965
233, 14.787336
234, 14.849039
235, 14.911120
236, 14.973872
237, 15.036011
238, 15.099959
239, 15.162211
240, 15.222325
241, 15.284473
242, 15.346499
243, 15.407777
244, 15.466631
245, 15.529234
246, 15.591710
247, 15.662479
248, 15.733201
249, 15.798922
250, 15.862250
251, 15.929402
252, 15.990104
253, 16.051207
254, 16.113001
255, 16.174479
256, 16.235543
257, 16.294136
258, 16.355197
259, 16.417403
260, 16.480004
261, 16.540655
262, 16.604683
263, 16.665816
264, 16.725502
265, 16.787800
266, 16.850959
267, 16.914272
268, 16.980074
269, 17.043277
270, 17.106323
271, 17.167772
272, 17.229706
273, 17.288200
274, 17.351519
275, 17.412474
276, 17.473064
277, 17.537124
278, 17.600386
279, 17.662366
280, 17.723511
281, 17.786343
282, 17.846839
283, 17.908788
284, 17.973806
285, 18.035404
286, 18.098930
287, 18.163343
288, 18.225772
289, 18.292030
290, 18.351750
291, 18.412703
292, 18.472268
293, 18.532170
294, 18.593988
295, 18.653323
296, 18.713538
297, 18.774514
298, 18.832573
299, 18.895207
300, 18.961200
301, 19.026673
302, 19.088109
303, 19.147876
304, 19.206409
305, 19.265728
306, 19.328241
307, 19.391364
308, 19.456142
309, 19.518295
310, 19.578617
311, 19.640098
312, 19.701031
313, 19.760540
314, 19.824480
315, 19.886352
316, 19.951549
317, 20.011219
318, 20.071093
319, 20.129762
320, 20.190098
321, 20.251434
322, 20.310897
323, 20.373021
324, 20.434196
325, 20.495008
326, 20.557621
327, 20.622433
328, 20.684221
329, 20.744652
330, 20.805074
331, 20.871963
332, 20.937669
333, 20.999870
334, 21.060312
335, 21.139132
336, 21.197433
337, 21.258373
338, 21.318419
339, 21.378412
340, 21.437511
341, 21.496746
342, 21.557414
343, 21.619326
344, 21.677811
345, 21.739334
346, 21.804831
347, 21.873846
348, 21.938108
349, 22.000908
350, 22.061389
351, 22.122995
352, 22.184644
353, 22.245141
354, 22.306629
355, 22.366123
356, 22.428812
357, 22.489223
358, 22.550134
359, 22.610585
360, 22.671116
361, 22.732230
362, 22.791512
363, 22.852075
364, 22.921094
365, 22.987001
366, 23.051313
367, 23.111812
368, 23.174467
369, 23.234405
370, 23.297024
371, 23.355577
372, 23.416531
373, 23.477485
374, 23.541297
375, 23.601533
376, 23.661893
377, 23.722623
378, 23.782617
379, 23.841516
380, 23.902780
381, 23.966625
382, 24.027549
383, 24.089560
384, 24.152157
385, 24.218033
386, 24.284756
387, 24.344305
388, 24.403619
389, 24.463892
390, 24.524720
391, 24.585839
392, 24.648804
393, 24.708746
394, 24.769170
395, 24.829447
396, 24.887677
397, 24.954780
398, 25.016074
399, 25.076487
400, 25.138054
401, 25.196163
402, 25.258526
403, 25.330372
404, 25.393047
405, 25.457474
406, 25.516772
407, 25.576805
408, 25.639824
409, 25.703124
410, 25.763338
411, 25.824129
412, 25.885007
413, 25.947133
414, 26.007646
415, 26.067580
416, 26.132952
417, 26.192544
418, 26.253148
419, 26.313618
420, 26.374014
421, 26.435208
422, 26.513285
423, 26.578858
424, 26.646546
425, 26.706942
426, 26.767667
427, 26.830931
428, 26.895028
429, 26.958873
430, 27.018070
431, 27.082966
432, 27.147030
433, 27.207020
434, 27.267766
435, 27.328461
436, 27.387819
437, 27.449543
438, 27.509797
439, 27.570927
440, 27.636916
441, 27.698413
442, 27.759419
443, 27.823647
444, 27.886490
445, 27.952535
446, 28.013845
447, 28.077173
448, 28.139161
449, 28.198295
450, 28.258985
451, 28.319704
452, 28.380555
453, 28.440886
454, 28.501502
455, 28.562659
456, 28.622604
457, 28.682856
458, 28.744730
459, 28.804970
460, 28.863762
461, 28.932408
462, 28.998052
463, 29.060725
464, 29.121114
465, 29.183768
466, 29.243453
467, 29.304911
468, 29.366601
469, 29.428504
470, 29.490893
471, 29.551631
472, 29.612754
473, 29.675978
474, 29.738807
475, 29.801447
476, 29.862983
477, 29.926043
478, 29.987059
479, 30.050252
480, 30.114372
481, 30.178479
482, 30.242695
483, 30.302218
484, 30.360794
485, 30.420107
486, 30.481601
487, 30.543287
488, 30.605363
489, 30.665851
490, 30.725965
491, 30.787744
492, 30.848669
493, 30.910953
494, 30.977300
495, 31.038368
496, 31.097973
497, 31.160014
498, 31.220498
499, 31.284222
